r00: 0.9996323960755659
r01: -0.025691101687471855
r02: -0.00866256372599586
r10: 0.025341158774531695
r11: 0.7717738111592982
r12: 0.6353920129184941
r20: -0.009638380994074347
r21: -0.6353779597237662
r22: 0.7721411463644955
