%YAML:1.0
---
camera_matrix: !!opencv-matrix
  rows: 3
  cols: 3
  dt: d
  data: [501.3836879,    0.,         282.37346104, 0.,         501.28928993, 233.44285981, 0.,           0.,          1.        ]

distortion_coefficient: !!opencv-matrix
   rows: 5
   cols: 1
   dt: d
   data: [-4.21817065e-01,  2.72581758e-01, -3.36514795e-04, -2.06678020e-04, -1.12685926e-01]