%YAML:1.0
---
camera_matrix: !!opencv-matrix
  rows: 3
  cols: 3
  dt: d
  data: [390.05771963,   0.,         277.34769623, 0.,         390.10924486, 200.53371003, 0.,           0.,           1.        ]

distortion_coefficient: !!opencv-matrix
  rows: 5
  cols: 1
  dt: d
  data: [-3.59392247e-01,  1.72557195e-01,  3.32288247e-05, -2.49124286e-04, -4.66498105e-02]